%YAML:1.0
---
image_width: 672
image_height: 376
camera_name: left_camera
camera_matrix: !!opencv-matrix
   rows: 3
   cols: 3
   dt: d
   data: [ 2.6675678279570991e+02, 0., 3.4099931006561917e+02, 0.,
       2.6689051248688929e+02, 1.8168969651029346e+02, 0., 0., 1. ]
distortion_model: plumb_bob
distortion_coefficients: !!opencv-matrix
   rows: 5
   cols: 1
   dt: d
   data: [ -8.7082782001869558e-02, 7.4456860734343253e-02,
       1.5821731851043068e-03, 1.6012872731406265e-03,
       -3.1593869518802650e-02 ]
rectification_matrix: !!opencv-matrix
   rows: 3
   cols: 3
   dt: d
   data: [ 9.9999599948069473e-01, -1.9559345415983273e-03,
       -2.0433655266170869e-03, 1.9539273972575253e-03,
       9.9999760714121755e-01, -9.8380870370943759e-04,
       2.0452849025578523e-03, 9.7981218007866860e-04,
       9.9999742838557282e-01 ]
projection_matrix: !!opencv-matrix
   rows: 3
   cols: 4
   dt: d
   data: [ 2.7769478037819840e+02, 0., 3.4408500671386719e+02, 0., 0.,
       2.7769478037819840e+02, 1.7915437316894531e+02, 0., 0., 0., 1.,
       0. ]
