%YAML:1.0
---
image_width: 672
image_height: 376
camera_name: right_camera
camera_matrix: !!opencv-matrix
   rows: 3
   cols: 3
   dt: d
   data: [ 2.6814524695878566e+02, 0., 3.3627090040650222e+02, 0.,
       2.6826620697228310e+02, 1.7659352179471449e+02, 0., 0., 1. ]
distortion_model: plumb_bob
distortion_coefficients: !!opencv-matrix
   rows: 5
   cols: 1
   dt: d
   data: [ -1.0510382258779263e-01, 1.1860299943693665e-01,
       5.9953134083420899e-04, 8.5298246606940959e-04,
       -5.7073550076043790e-02 ]
rectification_matrix: !!opencv-matrix
   rows: 3
   cols: 3
   dt: d
   data: [ 9.9990510586383430e-01, -5.2474571539906114e-04,
       -1.3766041891856000e-02, 5.3826144031261997e-04,
       9.9999937676828510e-01, 9.7812967613231539e-04,
       1.3765520043065450e-02, -9.8544658689774336e-04,
       9.9990476514164495e-01 ]
projection_matrix: !!opencv-matrix
   rows: 3
   cols: 4
   dt: d
   data: [ 2.7769478037819840e+02, 0., 3.4408500671386719e+02,
       -3.3236732468834418e+01, 0., 2.7769478037819840e+02,
       1.7915437316894531e+02, 0., 0., 0., 1., 0. ]
