%YAML:1.0
---
image_width: 672
image_height: 376
K1: !!opencv-matrix
   rows: 3
   cols: 3
   dt: d
   data: [ 2.6675678279570991e+02, 0., 3.4099931006561917e+02, 0.,
       2.6689051248688929e+02, 1.8168969651029346e+02, 0., 0., 1. ]
D1: !!opencv-matrix
   rows: 5
   cols: 1
   dt: d
   data: [ -8.7082782001869558e-02, 7.4456860734343253e-02,
       1.5821731851043068e-03, 1.6012872731406265e-03,
       -3.1593869518802650e-02 ]
K2: !!opencv-matrix
   rows: 3
   cols: 3
   dt: d
   data: [ 2.6814524695878566e+02, 0., 3.3627090040650222e+02, 0.,
       2.6826620697228310e+02, 1.7659352179471449e+02, 0., 0., 1. ]
D2: !!opencv-matrix
   rows: 5
   cols: 1
   dt: d
   data: [ -1.0510382258779263e-01, 1.1860299943693665e-01,
       5.9953134083420899e-04, 8.5298246606940959e-04,
       -5.7073550076043790e-02 ]
R: !!opencv-matrix
   rows: 3
   cols: 3
   dt: d
   data: [ 9.9993031185824999e-01, -1.4040011583474426e-03,
       1.1721783473956240e-02, 1.4271670443379695e-03,
       9.9999704472669548e-01, -1.9681798959728541e-03,
       -1.1718985506028677e-02, 1.9847716802481661e-03,
       9.9992936053507642e-01 ]
T: !!opencv-matrix
   rows: 3
   cols: 1
   dt: d
   data: [ -1.1967664085207613e-01, 6.2805764419547429e-05,
       1.6476300018739892e-03 ]
E: !!opencv-matrix
   rows: 3
   cols: 3
   dt: d
   data: [ -3.0874630828647925e-06, -1.6475004775744525e-03,
       6.6044160099644811e-05, 2.4502636204518731e-04,
       2.3521753311927238e-04, 1.1968750012032965e-01,
       -2.3359994540368803e-04, -1.1967619899552825e-01,
       2.3480896297117758e-04 ]
F: !!opencv-matrix
   rows: 3
   cols: 3
   dt: d
   data: [ -2.1215281694070022e-08, -1.1315009262317207e-05,
       2.1841139506030096e-03, 1.6829219532274139e-06,
       1.6147421800582859e-06, 2.1842102761431728e-01,
       -7.2047648198434930e-04, -2.1687804465478847e-01, 1. ]
R1: !!opencv-matrix
   rows: 3
   cols: 3
   dt: d
   data: [ 9.9999599948069473e-01, -1.9559345415983273e-03,
       -2.0433655266170869e-03, 1.9539273972575253e-03,
       9.9999760714121755e-01, -9.8380870370943759e-04,
       2.0452849025578523e-03, 9.7981218007866860e-04,
       9.9999742838557282e-01 ]
R2: !!opencv-matrix
   rows: 3
   cols: 3
   dt: d
   data: [ 9.9990510586383430e-01, -5.2474571539906114e-04,
       -1.3766041891856000e-02, 5.3826144031261997e-04,
       9.9999937676828510e-01, 9.7812967613231539e-04,
       1.3765520043065450e-02, -9.8544658689774336e-04,
       9.9990476514164495e-01 ]
P1: !!opencv-matrix
   rows: 3
   cols: 4
   dt: d
   data: [ 2.7769478037819840e+02, 0., 3.4408500671386719e+02, 0., 0.,
       2.7769478037819840e+02, 1.7915437316894531e+02, 0., 0., 0., 1.,
       0. ]
P2: !!opencv-matrix
   rows: 3
   cols: 4
   dt: d
   data: [ 2.7769478037819840e+02, 0., 3.4408500671386719e+02,
       -3.3236732468834418e+01, 0., 2.7769478037819840e+02,
       1.7915437316894531e+02, 0., 0., 0., 1., 0. ]
Q: !!opencv-matrix
   rows: 4
   cols: 4
   dt: d
   data: [ 1., 0., 0., -3.4408500671386719e+02, 0., 1., 0.,
       -1.7915437316894531e+02, 0., 0., 0., 2.7769478037819840e+02, 0.,
       0., 8.3550565820087357e+00, 0. ]
stereo_rms: 2.2628542857753034e-01
square_size_m: 2.4000000000000000e-02
board_cols_inner: 7
board_rows_inner: 10
